% name: utt2a_forw
% type: matrix
% rows: 69
% columns: 20
 -1.70141e+38 0 -1.70141e+38 -1.70141e+38 -1.70141e+38 -1.70141e+38 -1.70141e+38 -1.70141e+38 -1.70141e+38 -1.70141e+38 -1.70141e+38 -1.70141e+38 -1.70141e+38 -1.70141e+38 -1.70141e+38 -1.70141e+38 -1.70141e+38 -1.70141e+38 -1.70141e+38 -1.70141e+38
 -1.70141e+38 -1.70141e+38 -7.80205 -9.3628 -1.70141e+38 -1.70141e+38 -1.70141e+38 -1.70141e+38 -1.70141e+38 -1.70141e+38 -1.70141e+38 -1.70141e+38 -1.70141e+38 -1.70141e+38 -1.70141e+38 -1.70141e+38 -1.70141e+38 -1.70141e+38 -1.70141e+38 -1.70141e+38
 -1.70141e+38 -1.70141e+38 -1.70141e+38 -1.70141e+38 -15.8857 -31.569 -17.3562 -14.5222 -1.70141e+38 -1.70141e+38 -1.70141e+38 -1.70141e+38 -1.70141e+38 -1.70141e+38 -1.70141e+38 -1.70141e+38 -1.70141e+38 -1.70141e+38 -1.70141e+38 -1.70141e+38
 -1.70141e+38 -1.70141e+38 -1.70141e+38 -1.70141e+38 -21.2296 -38.846 -24.2441 -17.7748 -58.3648 -20.7175 -20.7175 -1.70141e+38 -1.70141e+38 -1.70141e+38 -1.70141e+38 -1.70141e+38 -1.70141e+38 -1.70141e+38 -1.70141e+38 -1.70141e+38
 -1.70141e+38 -1.70141e+38 -25.267 -1.70141e+38 -25.7792 -36.4943 -31.1143 -21.5149 -58.7345 -23.5595 -23.5595 -86.5629 -1.70141e+38 -1.70141e+38 -1.70141e+38 -1.70141e+38 -1.70141e+38 -1.70141e+38 -1.70141e+38 -1.70141e+38
 -1.70141e+38 -1.70141e+38 -27.9778 -1.70141e+38 -29.2159 -42.2208 -37.1907 -24.4998 -54.9747 -27.1853 -27.1853 -89.2351 -133.27 -1.70141e+38 -1.70141e+38 -1.70141e+38 -1.70141e+38 -1.70141e+38 -1.70141e+38 -1.70141e+38
 -1.70141e+38 -1.70141e+38 -32.4381 -1.70141e+38 -32.976 -42.9219 -44.1366 -29.0667 -57.1 -30.4006 -30.4006 -82.689 -135.779 -166.049 -166.049 -1.70141e+38 -1.70141e+38 -1.70141e+38 -1.70141e+38 -1.70141e+38
 -1.70141e+38 -1.70141e+38 -34.5395 -1.70141e+38 -36.117 -47.5265 -50.3421 -32.0043 -62.7757 -33.9397 -33.9397 -86.9439 -131.486 -166.083 -166.083 -172.255 -1.70141e+38 -1.70141e+38 -1.70141e+38 -1.70141e+38
 -1.70141e+38 -1.70141e+38 -41.5519 -1.70141e+38 -41.964 -63.8096 -58.5231 -37.4916 -70.2841 -39.5861 -39.5861 -103.756 -149.313 -171.082 -171.082 -174.264 -180.436 -177.742 -1.70141e+38 -1.70141e+38
 -1.70141e+38 -1.70141e+38 -46.6936 -1.70141e+38 -48.1512 -66.2572 -66.5061 -42.9876 -84.5338 -45.0629 -45.0629 -108.824 -156.66 -186.097 -186.097 -179.065 -182.245 -179.728 -185.429 -185.429
 -1.70141e+38 -1.70141e+38 -51.3226 -1.70141e+38 -52.7441 -69.0131 -74.3762 -47.4379 -92.2976 -50.3457 -50.3457 -121.975 -166.408 -195.95 -195.95 -193.967 -186.894 -183.072 -187.201 -187.201
 -1.70141e+38 -1.70141e+38 -56.0606 -1.70141e+38 -56.8214 -76.2908 -81.7442 -51.8355 -93.6216 -54.5173 -54.5173 -126.878 -176.92 -200.978 -200.978 -203.318 -194.262 -187.448 -190.189 -190.189
 -1.70141e+38 -1.70141e+38 -57.6649 -1.70141e+38 -58.8248 -70.0518 -87.0127 -54.3702 -96.1673 -56.3062 -56.3062 -119.387 -173.557 -205.735 -205.735 -206.247 -199.531 -189.982 -191.923 -191.923
 -1.70141e+38 -1.70141e+38 -60.9732 -1.70141e+38 -62.0592 -70.1315 -94.0806 -59.7489 -86.6379 -60.6254 -60.6254 -121.373 -168.926 -206.405 -206.405 -212.803 -206.598 -195.361 -196.238 -196.238
 -1.70141e+38 -1.70141e+38 -64.9907 -1.70141e+38 -65.0476 -72.9552 -101.344 -64.8613 -89.846 -65.5801 -65.5801 -116.093 -170.006 -199.356 -199.356 -213.667 -213.858 -200.473 -201.192 -201.192
 -1.70141e+38 -1.70141e+38 -72.0091 -1.70141e+38 -70.7546 -78.7083 -111.435 -72.7507 -92.5541 -73.6535 -73.6535 -121.149 -165.856 -206.999 -206.999 -209.447 -223.156 -208.363 -209.265 -209.265
 -1.70141e+38 -1.70141e+38 -82.2376 -1.70141e+38 -79.0878 -89.8233 -122.555 -84.1236 -93.0702 -82.4253 -82.4253 -117.038 -172.359 -203.368 -203.368 -218.12 -220.567 -219.444 -218.037 -218.037
 -1.70141e+38 -1.70141e+38 -95.9363 -1.70141e+38 -92.5568 -118.44 -146.895 -116.482 -116.283 -101.245 -101.245 -128.325 -181.501 -229.414 -229.414 -227.708 -242.377 -250.176 -236.806 -236.806
 -1.70141e+38 -1.70141e+38 -110.7 -1.70141e+38 -101.979 -121.412 -158.479 -126.649 -137.706 -113.167 -113.167 -153.052 -184.826 -222.533 -222.533 -240.998 -239.293 -237.875 -248.728 -248.728
 -1.70141e+38 -1.70141e+38 -117.726 -1.70141e+38 -106.537 -112.759 -164.641 -130.756 -135.693 -118.588 -118.588 -162.329 -200.844 -215.802 -215.802 -228.694 -245.287 -241.731 -243.296 -243.296
 -1.70141e+38 -1.70141e+38 -121.946 -1.70141e+38 -109.894 -122.096 -170.387 -133.703 -130.31 -123.642 -123.642 -162.934 -209.875 -230.445 -230.445 -221.548 -234.44 -231.641 -246.595 -246.595
 -1.70141e+38 -1.70141e+38 -127.053 -1.70141e+38 -113.306 -123.431 -176.711 -137.312 -141.008 -129.168 -129.168 -157.986 -208.236 -238.062 -238.062 -236.768 -227.872 -225.157 -237.168 -237.168
 -1.70141e+38 -1.70141e+38 -142.992 -1.70141e+38 -127.13 -134.082 -188.791 -148.326 -152.499 -140.426 -140.426 -181.588 -223.107 -255.107 -255.107 -250.142 -239.952 -236.107 -236.415 -236.415
 -1.70141e+38 -1.70141e+38 -155.132 -1.70141e+38 -141.835 -140.7 -203.035 -164.853 -153.509 -152.881 -152.881 -178.253 -219.295 -256.88 -256.88 -269.351 -254.196 -252.612 -248.01 -248.01
 -1.70141e+38 -1.70141e+38 -161.699 -1.70141e+38 -150.653 -156.183 -212.101 -171.763 -158.605 -161.075 -161.075 -189.147 -239.398 -260.686 -260.686 -265.946 -263.262 -259.336 -256.195 -256.195
 -1.70141e+38 -1.70141e+38 -184.978 -1.70141e+38 -174.556 -180.332 -234.981 -201.738 -174.9 -184.509 -184.509 -208.563 -273.166 -308.71 -308.71 -283.566 -286.076 -289.29 -279.586 -279.586
 -1.70141e+38 -1.70141e+38 -214.492 -1.70141e+38 -204.539 -195.923 -260.424 -234.96 -189.825 -209.716 -209.716 -221.358 -295.663 -353.53 -353.53 -334.154 -308.931 -316.707 -304.793 -304.793
 -1.70141e+38 -1.70141e+38 -235.16 -1.70141e+38 -229.983 -206.121 -283.66 -266.39 -198.263 -233.328 -233.328 -220.339 -288.177 -358.823 -358.823 -376.765 -332.167 -340.361 -328.405 -328.405
 -1.70141e+38 -1.70141e+38 -261.883 -1.70141e+38 -258.533 -234.939 -311.411 -306.326 -210.835 -262.436 -262.436 -227.008 -280.541 -342.483 -342.483 -386.573 -359.918 -372.103 -357.513 -357.513
 -1.70141e+38 -1.70141e+38 -324.816 -1.70141e+38 -320.879 -285.35 -350.223 -371.331 -235.931 -307.818 -307.818 -223.896 -253.55 -314.397 -314.397 -381.295 -398.73 -424.929 -402.895 -402.895
 -1.70141e+38 -1.70141e+38 -394.253 -1.70141e+38 -407.295 -356.61 -407.572 -446.719 -274.168 -373.45 -373.45 -241.937 -258.806 -299.255 -299.255 -371.745 -438.644 -477.791 -468.527 -468.527
 -1.70141e+38 -1.70141e+38 -453.54 -1.70141e+38 -474.343 -414.938 -462.472 -498.55 -305.748 -433.581 -433.581 -258.007 -271.411 -306.757 -306.757 -354.155 -426.646 -462.724 -528.658 -528.658
 -1.70141e+38 -1.70141e+38 -522.249 -1.70141e+38 -542.208 -482.449 -526.243 -566.717 -343.083 -504.253 -504.253 -279.069 -291.666 -327.188 -327.188 -370.528 -417.927 -458.4 -533.395 -533.395
 -1.70141e+38 -1.70141e+38 -589.88 -1.70141e+38 -607.877 -549.306 -586.4 -625.251 -379.464 -574.049 -574.049 -302.736 -313.175 -346.597 -346.597 -387.344 -430.685 -469.536 -528.197 -528.197
 -1.70141e+38 -1.70141e+38 -666.513 -1.70141e+38 -682.344 -620.332 -647.782 -688.154 -417.748 -647.772 -647.772 -328.59 -337.322 -371.454 -371.454 -407.979 -448.727 -489.099 -543.259 -543.259
 -1.70141e+38 -1.70141e+38 -744.672 -1.70141e+38 -763.414 -691.033 -706.644 -745.997 -454.786 -722.132 -722.132 -359.891 -363.009 -403.651 -403.651 -430.316 -466.841 -506.194 -563.458 -563.458
 -1.70141e+38 -1.70141e+38 -813.041 -1.70141e+38 -835.582 -755.708 -758.613 -793.656 -488.184 -789.794 -789.794 -389.628 -389.47 -425.252 -425.252 -455.62 -482.285 -517.328 -573.857 -573.857
 -1.70141e+38 -1.70141e+38 -887.25 -1.70141e+38 -910.497 -828.373 -809.874 -845.729 -526.058 -859.302 -859.302 -424.854 -421.464 -459.218 -459.218 -476.514 -506.882 -542.736 -586.856 -586.856
 -1.70141e+38 -1.70141e+38 -958.524 -1.70141e+38 -986.472 -904.279 -860.655 -895.9 -565.861 -915.051 -915.051 -462.643 -454.759 -493.481 -493.481 -509.999 -527.295 -562.539 -612.058 -612.058
 -1.70141e+38 -1.70141e+38 -1015.9 -1.70141e+38 -1059.37 -984.29 -910.945 -946.774 -610.087 -965.795 -965.795 -503.305 -487.679 -523.083 -523.083 -543.771 -560.289 -596.118 -632.435 -632.435
 -1.70141e+38 -1.70141e+38 -1041.92 -1.70141e+38 -1092.02 -1047.16 -949.638 -976.441 -649.814 -998.932 -998.932 -534.871 -512.102 -530.973 -530.973 -561.775 -582.463 -609.266 -648.276 -648.276
 -1.70141e+38 -1.70141e+38 -1053.23 -1.70141e+38 -1096.22 -1091.56 -980.493 -998.682 -684.875 -1014.43 -1014.43 -561.329 -533.224 -540.043 -540.043 -561.828 -592.631 -610.82 -647.255 -647.255
 -1.70141e+38 -1.70141e+38 -1046.93 -1.70141e+38 -1085.74 -1103.16 -997.4 -1008.2 -716.459 -1020.32 -1020.32 -582.28 -572.066 -552.73 -552.73 -556.95 -578.735 -589.539 -632.456 -632.456
 -1.70141e+38 -1.70141e+38 -1044.16 -1.70141e+38 -1070.78 -1088.77 -1008.22 -1014.86 -743.777 -1022.27 -1022.27 -602.683 -607.852 -569.712 -569.712 -563.55 -567.77 -574.409 -603.603 -603.603
 -1.70141e+38 -1.70141e+38 -1042.07 -1.70141e+38 -1063.96 -1090.52 -1020.52 -1025.48 -782.022 -1029.45 -1029.45 -638.762 -651.259 -587.614 -587.614 -582.014 -575.837 -580.8 -589.004 -589.004
 -1.70141e+38 -1.70141e+38 -1055.42 -1.70141e+38 -1068.04 -1084.46 -1040.66 -1047.88 -821.659 -1049.82 -1049.82 -685.827 -683.196 -617.793 -617.793 -607.755 -595.977 -603.188 -605.16 -605.16
 -1.70141e+38 -1.70141e+38 -1072.95 -1.70141e+38 -1078.54 -1091.33 -1057.56 -1063.66 -861.364 -1065.81 -1065.81 -725.308 -725.344 -647.064 -647.064 -634.689 -612.873 -618.974 -621.123 -621.123
 -1.70141e+38 -1.70141e+38 -1082.81 -1.70141e+38 -1089.95 -1097.5 -1073.83 -1079.44 -889.697 -1081.05 -1081.05 -753.126 -754.157 -669.857 -669.857 -663.338 -629.147 -634.752 -636.36 -636.36
 -1.70141e+38 -1.70141e+38 -1097.08 -1.70141e+38 -1098.84 -1110.46 -1087.17 -1091.84 -914.731 -1094.15 -1094.15 -790.747 -791.812 -696.006 -696.006 -683.189 -642.479 -647.15 -649.463 -649.463
 -1.70141e+38 -1.70141e+38 -1104.78 -1.70141e+38 -1107.55 -1125.22 -1097.26 -1098.72 -944.298 -1102.69 -1102.69 -824.189 -831.551 -718.132 -718.132 -706.099 -652.571 -654.033 -658 -658
 -1.70141e+38 -1.70141e+38 -1113.97 -1.70141e+38 -1116 -1136.28 -1108.16 -1107.7 -976.491 -1110.92 -1110.92 -863.778 -873.02 -747.625 -747.625 -729.038 -663.477 -663.012 -666.233 -666.233
 -1.70141e+38 -1.70141e+38 -1118.63 -1.70141e+38 -1121.56 -1144.04 -1113.54 -1110.79 -1004.07 -1112.85 -1112.85 -900.46 -914.503 -769.509 -769.509 -752.999 -668.851 -666.105 -668.162 -668.162
 -1.70141e+38 -1.70141e+38 -1124.89 -1.70141e+38 -1130.63 -1161.39 -1122.87 -1118.18 -1040.47 -1119.9 -1119.9 -948.035 -960.063 -799.027 -799.027 -778.837 -678.178 -673.497 -675.213 -675.213
 -1.70141e+38 -1.70141e+38 -1137.79 -1.70141e+38 -1142.78 -1165.24 -1134.21 -1129.18 -1079.96 -1128.8 -1128.8 -997.348 -1007.27 -830.72 -830.72 -810.372 -689.523 -684.496 -684.115 -684.115
 -1.70141e+38 -1.70141e+38 -1150.13 -1.70141e+38 -1159.1 -1190.09 -1148.94 -1144.31 -1127.42 -1142.62 -1142.62 -1052.36 -1066.92 -867.191 -867.191 -845.446 -704.25 -699.619 -697.93 -697.93
 -1.70141e+38 -1.70141e+38 -1153.24 -1.70141e+38 -1160.75 -1186.53 -1158.55 -1151.75 -1162 -1151.09 -1151.09 -1093.49 -1109.98 -897.165 -897.165 -876.807 -713.866 -707.06 -706.401 -706.401
 -1.70141e+38 -1.70141e+38 -1158.61 -1.70141e+38 -1160.77 -1184.69 -1167.47 -1157.41 -1191.27 -1159.44 -1159.44 -1132.18 -1147.84 -928.69 -928.69 -906.085 -722.785 -712.724 -714.751 -714.751
 -1.70141e+38 -1.70141e+38 -1166.58 -1.70141e+38 -1165.64 -1185.32 -1174.03 -1161.14 -1211.8 -1162.79 -1162.79 -1169.41 -1186.53 -958.855 -958.855 -935.245 -729.34 -716.457 -718.099 -718.099
 -1.70141e+38 -1.70141e+38 -1173.67 -1.70141e+38 -1176.19 -1196.23 -1184.58 -1169.15 -1214.87 -1171.93 -1171.93 -1217.48 -1233.84 -1004.12 -1004.12 -969.413 -739.897 -724.461 -727.243 -727.243
 -1.70141e+38 -1.70141e+38 -1177.19 -1.70141e+38 -1178.85 -1197.3 -1190.87 -1172.15 -1223.21 -1174.52 -1174.52 -1249.41 -1263.64 -1031.91 -1031.91 -1010.41 -746.186 -727.461 -729.833 -729.833
 -1.70141e+38 -1.70141e+38 -1183.68 -1.70141e+38 -1186.18 -1202.76 -1199.71 -1179.48 -1219.54 -1181.29 -1181.29 -1265.16 -1299.03 -1066.88 -1066.88 -1040.75 -755.026 -734.792 -736.606 -736.606
 -1.70141e+38 -1.70141e+38 -1190.12 -1.70141e+38 -1192.43 -1217.27 -1208.18 -1185.29 -1232 -1187.56 -1187.56 -1265.5 -1328.71 -1105.52 -1105.52 -1075.35 -763.492 -740.598 -742.872 -742.872
 -1.70141e+38 -1.70141e+38 -1196.98 -1.70141e+38 -1199.44 -1222.77 -1216.79 -1192.07 -1248.6 -1192.77 -1192.77 -1268.02 -1321.01 -1137.23 -1137.23 -1114.13 -772.102 -747.387 -748.078 -748.078
 -1.70141e+38 -1.70141e+38 -1201.48 -1.70141e+38 -1205.61 -1225.66 -1227.53 -1199.45 -1253.2 -1202.22 -1202.22 -1289.74 -1319.24 -1170.24 -1170.24 -1147.97 -782.84 -754.76 -757.529 -757.529
 -1.70141e+38 -1.70141e+38 -1212.11 -1.70141e+38 -1211.35 -1232.44 -1237.44 -1206.38 -1254.36 -1209.87 -1209.87 -1298.89 -1350.07 -1207.27 -1207.27 -1180.16 -792.754 -761.697 -765.179 -765.179
 -1.70141e+38 -1.70141e+38 -1214.11 -1.70141e+38 -1215.21 -1230.54 -1243.72 -1209.48 -1252.73 -1212.21 -1212.21 -1287.82 -1348.17 -1239.03 -1239.03 -1213.54 -799.032 -764.793 -767.524 -767.524
 -1.70141e+38 -1.70141e+38 -1222.4 -1.70141e+38 -1224.01 -1243.28 -1253 -1216.08 -1259.89 -1218.8 -1218.8 -1295.38 -1344.34 -1275.89 -1275.89 -1248.31 -808.312 -771.39 -774.11 -774.11
 -1.70141e+38 -1.70141e+38 -1233.33 -1.70141e+38 -1236.75 -1273.24 -1264.37 -1226.46 -1285.03 -1226.67 -1226.67 -1310.49 -1368.09 -1310.58 -1310.58 -1287.27 -819.684 -781.776 -781.984 -781.984
 -1.70141e+38 -1.70141e+38 -1237.11 -1.70141e+38 -1243.74 -1269.04 -1272.64 -1232.82 -1305.22 -1233.5 -1233.5 -1326.59 -1370.1 -1340.81 -1340.81 -1318.84 -827.95 -788.135 -788.809 -788.809
% name: utt2a_back
% type: matrix
% rows: 69
% columns: 20
 -1.70141e+38 -788.81 -803.273 -786.021 -803.273 -1106.44 -786.021 -786.084 -1141.28 -803.273 -801.961 -1308.41 -1264.07 -1233.5 -1264.07 -1233.5 -1233.5 -1392.66 -1.70141e+38 -1423.52
 -1.70141e+38 -782.311 -795.471 -779.447 -795.471 -1076.39 -779.447 -779.506 -1110.21 -795.471 -793.383 -1294.15 -1248.63 -1224.13 -1248.63 -1224.13 -1224.13 -1386.08 -1.70141e+38 -1414.82
 -1.70141e+38 -777.879 -787.387 -774.317 -787.387 -1052.62 -774.317 -774.346 -1082.06 -787.387 -787.892 -1286.12 -1242.91 -1216.14 -1242.91 -1216.14 -1216.14 -1380.93 -1.70141e+38 -1408.35
 -1.70141e+38 -774.116 -782.043 -770.992 -782.043 -1029.66 -770.992 -771.036 -1055.26 -782.043 -782.925 -1270.02 -1230.58 -1209.25 -1230.58 -1209.25 -1209.25 -1377.62 -1.70141e+38 -1402.16
 -1.70141e+38 -770.294 -777.494 -767.246 -777.494 -1014.4 -767.246 -767.295 -1035.37 -777.494 -778.188 -1268.85 -1226.05 -1202.38 -1226.05 -1202.38 -1202.38 -1373.87 -1.70141e+38 -1396.32
 -1.70141e+38 -766.647 -773.075 -764.218 -773.075 -996.976 -764.218 -764.31 -1016.89 -773.075 -773.102 -1260 -1222.14 -1196.3 -1222.14 -1196.3 -1196.3 -1370.89 -1.70141e+38 -1390.53
 -1.70141e+38 -762.934 -767.823 -759.703 -767.823 -981.778 -759.703 -759.743 -1002.01 -767.823 -767.834 -1263.37 -1213.46 -1189.36 -1213.46 -1189.36 -1189.36 -1366.32 -1.70141e+38 -1384.56
 -1.70141e+38 -759.412 -763.684 -756.736 -763.684 -966.229 -756.736 -756.805 -982.161 -763.684 -763.213 -1266.14 -1214.57 -1183.15 -1214.57 -1183.15 -1183.15 -1363.38 -1.70141e+38 -1379.46
 -1.70141e+38 -753.701 -756.072 -751.245 -756.072 -936.772 -751.245 -751.319 -959.403 -756.072 -756.322 -1233.96 -1203.77 -1174.97 -1203.77 -1174.97 -1174.97 -1357.9 -1.70141e+38 -1371.74
 -1.70141e+38 -748.434 -748.964 -745.816 -748.964 -911.558 -745.816 -745.83 -938.678 -748.964 -749.907 -1195.42 -1198.41 -1166.99 -1198.41 -1166.99 -1166.99 -1352.4 -1.70141e+38 -1364.05
 -1.70141e+38 -742.592 -742.704 -741.451 -742.704 -889.029 -741.451 -741.397 -912.637 -742.704 -743.858 -1157.98 -1186.32 -1159.12 -1186.32 -1159.12 -1159.12 -1347.95 -1.70141e+38 -1356.58
 -1.70141e+38 -736.975 -736.989 -737.469 -736.989 -863.845 -737.469 -737.088 -888.029 -736.989 -738.188 -1123.4 -1175.3 -1151.75 -1175.3 -1151.75 -1151.75 -1343.55 -1.70141e+38 -1349.44
 -1.70141e+38 -733.836 -733.842 -735.933 -733.842 -849.47 -735.933 -734.958 -868.152 -733.842 -735.403 -1097.63 -1172.26 -1146.48 -1172.26 -1146.48 -1146.48 -1341.02 -1.70141e+38 -1344.91
 -1.70141e+38 -729.172 -729.175 -731.882 -729.175 -836.731 -731.882 -730.604 -851.566 -729.175 -730.913 -1072.43 -1162.58 -1139.42 -1162.58 -1139.42 -1139.42 -1335.66 -1.70141e+38 -1338.52
 -1.70141e+38 -724.809 -724.809 -727.695 -724.809 -824.458 -727.695 -726.817 -831.852 -724.809 -727.354 -1042.97 -1159.05 -1132.15 -1159.05 -1132.15 -1132.15 -1330.61 -1.70141e+38 -1332.34
 -1.70141e+38 -718.38 -718.38 -726.474 -718.38 -810.076 -726.474 -719.805 -812.253 -718.38 -719.807 -1011.67 -1148.45 -1122.06 -1148.45 -1122.06 -1122.06 -1322.92 -1.70141e+38 -1323.15
 -1.70141e+38 -709.796 -709.796 -718.404 -709.796 -790.876 -718.404 -715.15 -797.891 -709.796 -715.15 -987.185 -1143.66 -1110.94 -1143.66 -1110.94 -1110.94 -1313.13 -1.70141e+38 -1313.13
 -1.70141e+38 -695.212 -696.285 -694.064 -696.285 -751.482 -694.064 -694.28 -771.393 -696.285 -698.314 -951.929 -1116.05 -1086.6 -1116.05 -1086.6 -1086.6 -1286.12 -1.70141e+38 -1294.14
 -1.70141e+38 -685.775 -686.83 -684.046 -686.83 -722.594 -684.046 -684.131 -749.861 -686.83 -687.427 -915.161 -1099.83 -1075.02 -1099.83 -1075.02 -1075.02 -1275.95 -1.70141e+38 -1282.22
 -1.70141e+38 -681.876 -682.272 -680.041 -682.272 -711.813 -680.041 -680.061 -735.58 -682.272 -683.463 -890.537 -1092.71 -1068.85 -1092.71 -1068.85 -1068.85 -1271.84 -1.70141e+38 -1276.8
 -1.70141e+38 -678.817 -678.914 -677.247 -678.914 -696.252 -677.247 -677.148 -718.028 -678.914 -679.335 -863.296 -1084.97 -1063.11 -1084.97 -1063.11 -1063.11 -1268.9 -1.70141e+38 -1271.75
 -1.70141e+38 -675.498 -675.503 -674.867 -675.503 -682.715 -674.867 -673.658 -699.116 -675.503 -674.011 -835.621 -1091.58 -1056.79 -1091.58 -1056.79 -1056.79 -1265.36 -1.70141e+38 -1266.22
 -1.70141e+38 -663.153 -661.679 -668.819 -661.679 -661.939 -668.819 -663.856 -670.048 -663.153 -663.863 -795.041 -1054.3 -1044.7 -1064.23 -1044.7 -1044.7 -1254.89 -1.70141e+38 -1254.96
 -1.70141e+38 -651.941 -648.448 -661.07 -648.448 -648.368 -661.07 -652.294 -650.621 -651.941 -652.294 -769.287 -1016.59 -1030.46 -1062.79 -1030.46 -1030.46 -1240.98 -1.70141e+38 -1242.51
 -1.70141e+38 -644.099 -643.123 -699.452 -643.123 -632.717 -699.452 -654.159 -632.717 -644.099 -654.159 -733.65 -955.447 -1021.39 -1067.83 -1021.39 -1021.39 -1234.31 -1.70141e+38 -1234.31
 -1.70141e+38 -630.726 -620.196 -720.91 -620.196 -613.913 -720.91 -669.478 -613.915 -630.726 -669.478 -683.691 -871.428 -998.515 -1053.43 -998.515 -998.515 -1210.88 -1.70141e+38 -1210.88
 -1.70141e+38 -644.271 -600.743 -756.559 -600.743 -598.826 -756.559 -687.687 -598.985 -644.271 -687.687 -637.232 -784.328 -973.071 -999.634 -973.071 -973.071 -1185.67 -1.70141e+38 -1185.67
 -1.70141e+38 -664.075 -618.827 -777.156 -618.827 -590.545 -777.156 -725.129 -590.545 -664.075 -725.129 -606.718 -717.509 -949.835 -936.474 -949.835 -949.835 -1162.06 -1.70141e+38 -1162.06
 -1.70141e+38 -696.022 -635.519 -800.697 -635.519 -590.009 -800.697 -737.22 -577.973 -696.022 -737.22 -577.973 -657.307 -922.085 -882.168 -922.085 -922.085 -1132.95 -1.70141e+38 -1132.95
 -1.70141e+38 -691.838 -633.642 -810.675 -633.642 -585.108 -810.675 -735.686 -564.913 -691.838 -735.686 -564.913 -630.766 -883.273 -848.312 -883.273 -883.273 -1087.57 -1.70141e+38 -1087.57
 -1.70141e+38 -670.053 -605.403 -784.995 -605.403 -562.382 -784.995 -714.179 -546.871 -670.053 -714.179 -546.871 -595.856 -825.924 -802.607 -825.924 -825.924 -1021.94 -1.70141e+38 -1021.94
 -1.70141e+38 -654.048 -589.963 -773.197 -589.963 -547.074 -773.197 -694.016 -530.801 -654.048 -694.016 -530.801 -566.381 -771.024 -754.656 -771.024 -771.024 -961.808 -1.70141e+38 -961.808
 -1.70141e+38 -623.345 -565.379 -744.019 -565.379 -522.453 -744.019 -668.952 -509.739 -623.345 -668.952 -509.739 -532.722 -707.252 -698.88 -707.252 -707.252 -891.137 -1.70141e+38 -891.137
 -1.70141e+38 -599.155 -537.717 -721.282 -537.717 -498.523 -721.282 -645.011 -486.072 -599.155 -645.011 -486.072 -498.616 -647.096 -643.993 -647.096 -647.096 -821.34 -1.70141e+38 -821.34
 -1.70141e+38 -571.288 -506.691 -691.754 -506.691 -466.691 -691.754 -619.528 -460.239 -571.288 -619.528 -460.218 -464.031 -585.714 -593.181 -585.714 -585.714 -747.617 -1.70141e+38 -747.617
 -1.70141e+38 -545.169 -474.388 -642.886 -474.388 -435.99 -642.886 -593.538 -429.653 -545.169 -593.538 -428.94 -429.612 -526.852 -537.126 -526.852 -526.852 -673.258 -1.70141e+38 -673.258
 -1.70141e+38 -525.875 -454.259 -590.917 -454.259 -409.712 -590.917 -596.041 -402.592 -525.875 -596.041 -399.917 -399.989 -474.883 -493.369 -474.883 -474.883 -605.595 -1.70141e+38 -605.595
 -1.70141e+38 -526.513 -428.42 -539.656 -428.42 -381.595 -539.656 -555.714 -371.838 -526.513 -555.714 -367.366 -367.378 -423.622 -444.857 -423.622 -423.622 -536.067 -1.70141e+38 -536.067
 -1.70141e+38 -486.312 -427.291 -488.875 -427.291 -352.514 -488.875 -519.23 -341.792 -486.393 -519.23 -334.049 -334.049 -372.841 -390.684 -372.841 -372.841 -466.745 -1.70141e+38 -466.745
 -1.70141e+38 -438.585 -385.546 -438.585 -385.546 -347.28 -438.585 -453.742 -308.288 -449.347 -453.742 -301.13 -301.13 -322.55 -324.115 -322.55 -322.55 -396.849 -1.70141e+38 -396.849
 -1.70141e+38 -399.892 -373.226 -399.892 -373.226 -322.674 -399.892 -401.584 -307.552 -417.263 -401.584 -276.722 -276.706 -283.858 -280.871 -283.858 -283.858 -344.688 -1.70141e+38 -344.692
 -1.70141e+38 -369.792 -362.963 -369.037 -362.963 -323.579 -369.037 -363.593 -287.613 -383.055 -363.596 -281.094 -255.601 -253.003 -255.601 -253.003 -253.003 -301.261 -1.70141e+38 -306.703
 -1.70141e+38 -350.757 -350.552 -352.885 -350.552 -313.036 -352.885 -341.96 -291.995 -350.88 -341.96 -266.662 -242.254 -236.096 -242.254 -236.096 -236.096 -273.554 -1.70141e+38 -285.068
 -1.70141e+38 -327.896 -327.037 -342.093 -327.037 -309.984 -342.093 -339.005 -285.718 -327.896 -339.052 -271.592 -230.875 -225.275 -230.875 -225.275 -225.275 -256.095 -1.70141e+38 -271.004
 -1.70141e+38 -325.626 -308.093 -354.163 -308.093 -281.232 -354.163 -324.828 -271.739 -325.626 -324.828 -249.64 -223.011 -212.973 -223.011 -212.973 -212.973 -238.83 -1.70141e+38 -256.408
 -1.70141e+38 -300.468 -299.661 -345.569 -299.661 -265.703 -345.569 -326.803 -241.596 -300.468 -326.803 -224.673 -205.205 -192.832 -205.205 -192.832 -192.832 -211.47 -1.70141e+38 -232.049
 -1.70141e+38 -308.737 -277.344 -328.713 -277.344 -264.344 -328.713 -325.814 -225.998 -308.737 -325.814 -202.115 -182.456 -175.936 -182.456 -175.936 -175.936 -188.473 -1.70141e+38 -213.983
 -1.70141e+38 -308.302 -291.731 -312.439 -291.731 -252.788 -312.439 -318.601 -236.011 -308.318 -319.233 -198.18 -172.591 -159.662 -172.591 -159.661 -159.661 -166.592 -1.70141e+38 -196.487
 -1.70141e+38 -299.214 -292.288 -299.108 -292.288 -264.089 -299.108 -301.353 -227.754 -304.37 -307.864 -198.39 -159.189 -146.441 -159.189 -146.331 -146.331 -148.585 -1.70141e+38 -181.595
 -1.70141e+38 -289.851 -293.738 -289.127 -293.738 -263.985 -289.127 -289.791 -234.522 -311.683 -296.919 -194.312 -157.289 -137.063 -157.289 -136.349 -136.349 -137.022 -1.70141e+38 -170.65
 -1.70141e+38 -280.65 -300.403 -278.945 -300.403 -262.18 -278.945 -279.142 -231.792 -306.162 -284.701 -194.934 -145.481 -127.797 -145.481 -126.157 -126.157 -126.373 -1.70141e+38 -158.431
 -1.70141e+38 -276.604 -298.448 -275.276 -298.448 -270.208 -275.276 -275.565 -234.604 -298.45 -279.511 -195.11 -144.209 -123.597 -144.209 -122.423 -122.423 -122.792 -1.70141e+38 -153.242
 -1.70141e+38 -267.749 -286.404 -267.277 -286.404 -262.466 -267.277 -268.131 -233.802 -286.564 -270.284 -187.029 -135.506 -114.691 -135.506 -114.27 -114.27 -115.338 -1.70141e+38 -144.014
 -1.70141e+38 -256.892 -268.677 -256.404 -268.677 -247.965 -256.404 -257.246 -222.981 -268.677 -259.501 -184.488 -127.798 -103.814 -127.798 -103.346 -103.346 -104.33 -1.70141e+38 -133.231
 -1.70141e+38 -244.374 -247.353 -242.165 -247.353 -240.308 -242.165 -242.227 -200.499 -247.353 -245.284 -167.968 -114.916 -91.326 -114.916 -89.0874 -89.0874 -89.2001 -1.70141e+38 -118.896
 -1.70141e+38 -236.557 -236.728 -234.81 -236.728 -221.505 -234.81 -234.825 -205.731 -236.728 -239.149 -159.368 -110.354 -84.942 -110.354 -81.71 -81.71 -81.7503 -1.70141e+38 -110.255
 -1.70141e+38 -232.741 -229.203 -229.488 -229.203 -212.825 -229.488 -229.173 -192.232 -232.741 -230.482 -167.045 -105.025 -78.8284 -105.025 -76.0226 -76.0226 -76.085 -1.70141e+38 -101.488
 -1.70141e+38 -225.603 -225.603 -237.102 -225.603 -202.419 -237.102 -225.755 -185.718 -225.603 -225.755 -154.999 -112.689 -74.8599 -112.689 -72.2738 -72.2738 -72.3521 -1.70141e+38 -95.9887
 -1.70141e+38 -214.792 -214.722 -229.134 -214.722 -208.923 -229.134 -229.176 -172.87 -214.792 -235.744 -137.647 -90.5673 -67.4225 -90.5673 -64.3024 -64.3024 -64.3476 -1.70141e+38 -85.0254
 -1.70141e+38 -227.792 -209.529 -226.009 -209.529 -193.708 -226.009 -226.177 -181.946 -232.812 -230.398 -138.259 -91.4896 -62.7779 -91.4896 -61.1332 -61.1332 -61.3477 -1.70141e+38 -79.5935
 -1.70141e+38 -223.819 -223.652 -218.959 -223.652 -183.788 -218.959 -218.861 -171.467 -223.819 -221.237 -140 -88.6357 -56.5219 -88.6357 -53.9385 -53.9385 -54.017 -1.70141e+38 -70.3593
 -1.70141e+38 -214.992 -214.992 -1.70141e+38 -214.992 -191.858 -1.70141e+38 -213.153 -154.548 -214.992 -213.153 -125.506 -76.4474 -49.9955 -76.4474 -48.0553 -48.0553 -48.2105 -1.70141e+38 -62.1278
 -1.70141e+38 -205.575 -205.574 -1.70141e+38 -205.574 -212.191 -1.70141e+38 -1.70141e+38 -160.527 -205.575 -1.70141e+38 -118.526 -69.9966 -44.7355 -69.9966 -41.3857 -41.3857 -41.4214 -1.70141e+38 -54.55
 -1.70141e+38 -1.70141e+38 -196.86 -1.70141e+38 -196.86 -183.597 -1.70141e+38 -1.70141e+38 -183.597 -1.70141e+38 -1.70141e+38 -119.384 -67.3078 -36.9859 -67.3078 -33.9973 -33.9973 -34.049 -1.70141e+38 -44.0023
 -1.70141e+38 -1.70141e+38 -1.70141e+38 -1.70141e+38 -1.70141e+38 -165.88 -1.70141e+38 -1.70141e+38 -154.904 -1.70141e+38 -1.70141e+38 -151.053 -59.0548 -30.2832 -59.0548 -27.0723 -27.0723 -27.1118 -1.70141e+38 -33.5221
 -1.70141e+38 -1.70141e+38 -1.70141e+38 -1.70141e+38 -1.70141e+38 -1.70141e+38 -1.70141e+38 -1.70141e+38 -145.596 -1.70141e+38 -1.70141e+38 -121.44 -101.787 -27.2934 -101.787 -24.0056 -24.0056 -24.0172 -1.70141e+38 -27.6651
 -1.70141e+38 -1.70141e+38 -1.70141e+38 -1.70141e+38 -1.70141e+38 -1.70141e+38 -1.70141e+38 -1.70141e+38 -1.70141e+38 -1.70141e+38 -1.70141e+38 -102.948 -64.9217 -1.70141e+38 -64.9217 -18.0132 -18.0132 -17.4468 -1.70141e+38 -18.2851
 -1.70141e+38 -1.70141e+38 -1.70141e+38 -1.70141e+38 -1.70141e+38 -1.70141e+38 -1.70141e+38 -1.70141e+38 -1.70141e+38 -1.70141e+38 -1.70141e+38 -1.70141e+38 -30.2377 -1.70141e+38 -30.2377 -1.70141e+38 -1.70141e+38 -7.62687 -1.70141e+38 -7.62687
 -1.70141e+38 -1.70141e+38 -1.70141e+38 -1.70141e+38 -1.70141e+38 -1.70141e+38 -1.70141e+38 -1.70141e+38 -1.70141e+38 -1.70141e+38 -1.70141e+38 -1.70141e+38 -1.70141e+38 0 -1.70141e+38 -1.70141e+38 -1.70141e+38 -1.70141e+38 0 -1.70141e+38
% name: utt2a_post
% type: matrix
% rows: 68
% columns: 102
 0 0 0 0 0 0 0 0 0 0 0 0 0 0 0 0 0 0 0 0 0 0 0 0 0 0 0 0 0 0 0 0 0 0 0 0 0 0 0 0 0 0 0 0 0 0 0 0 0 0 0 0 0 0 0 0 0 0 0 0 0 0 0 0 0 0 0 0 0 0 0 0 0 0 0 0 0 0 0 0 0 0 0 0 0 0 0 0 0 0 0 0 0 0 0 0 0 0 0 0.999058 0 0
 0 0 0 0 0 0 0 0 0 0 0 0 0 0 0 0 0 0 0 0 0 0 0 0 0 0 0 0 0 0 0 0 0 0 0 0 0 0 0 0 0 0 0 0 0 0 0 0 0 0 0 0 0 0 0 0 0 0 0 0 0 0 0 0 0 0 0 0 0 0 0 0 0 0 0 0 0 0 0 0 0 0 0 0 0 0 0 0 0 0 0 0 0 0 0 0 0 0 0 0.0569916 0.942066 0
 0 0 0 0 0 0 0 0 0 0 0 0 0 0 0 0 0 0 0 0 0 0 0 0 0 0 0 0 0 0 0 0 0 0 0 0 0 0 0 0 0 0 0 0 0 0 0 0 0 0 0 0 0 0 0 0 0 0 0 0 0 0 0 0 0 0 0 0 0 0 0 0 0 0 0 0 0 0 0 0 0 0 0 0 0 0 0 0 0 0 0 0 0 0 0 0 0 0 0 0.00161741 0.997441 0
 0 0 0 0 0 0 0 0 0 0 0 0 0 0 0 0 0 0 0 0 0 0 0 0 0 0 0 0 0 0 0 0 0 0 0 0 0 0 0 0 0 0 0 0 0 0 0 0 0 0 0 0 0 0 0 0 0 0 0 0 0 0 0 0 0 0 0 0 0 0 0 0 0 0 0 0 0 0 0 0 0 0 0 0 0 0 0 0 0 0 0 0 0 0 0 0 0 0 0 0 0.998987 0
 0 0 0 0 0 0 0 0 0 0 0 0 0 0 0 0 0 0 0 0 0 0 0 0 0 0 0 0 0 0 0 0 0 0 0 0 0 0 0 0 0 0 0 0 0 0 0 0 0 0 0 0 0 0 0 0 0 0 0 0 0 0 0 0 0 0 0 0 0 0 0 0 0 0 0 0 0 0 0 0 0 0 0 0 0 0 0 0 0 0 0 0 0 0 0 0 0 0 0 0 0.998987 0
 0 0 0 0 0 0 0 0 0 0 0 0 0 0 0 0 0 0 0 0 0 0 0 0 0 0 0 0 0 0 0 0 0 0 0 0 0 0 0 0 0 0 0 0 0 0 0 0 0 0 0 0 0 0 0 0 0 0 0 0 0 0 0 0 0 0 0 0 0 0 0 0 0 0 0 0 0 0 0 0 0 0 0 0 0 0 0 0 0 0 0 0 0 0 0 0 0 0 0 0 0.998987 0
 0 0 0 0 0 0 0 0 0 0 0 0 0 0 0 0 0 0 0 0 0 0 0 0 0 0 0 0 0 0 0 0 0 0 0 0 0 0 0 0 0 0 0 0 0 0 0 0 0 0 0 0 0 0 0 0 0 0 0 0 0 0 0 0 0 0 0 0 0 0 0 0 0 0 0 0 0 0 0 0 0 0 0 0 0 0 0 0 0 0 0 0 0 0 0 0 0 0 0 0 0.998987 0
 0 0 0 0 0 0 0 0 0 0 0 0 0 0 0 0 0 0 0 0 0 0 0 0 0 0 0 0 0 0 0 0 0 0 0 0 0 0 0 0 0 0 0 0 0 0 0 0 0 0 0 0 0 0 0 0 0 0 0 0 0 0 0 0 0 0 0 0 0 0 0 0 0 0 0 0 0 0 0 0 0 0 0 0 0 0 0 0 0 0 0 0 0 0 0 0 0 0 0 0 0.99806 0
 0 0 0 0 0 0 0 0 0 0 0 0 0 0 0 0 0 0 0 0 0 0 0 0 0 0 0 0 0 0 0 0 0 0 0 0 0 0 0 0 0 0 0 0 0 0 0 0 0 0 0 0 0 0 0 0 0 0 0 0 0 0 0 0 0 0 0 0 0 0 0 0 0 0 0 0 0 0 0 0 0 0.00106052 0 0 0 0 0 0 0 0 0 0 0 0 0 0 0 0 0 0 0.991358 0.00670244
 0 0 0 0 0 0 0 0 0 0 0 0 0 0 0 0 0 0 0 0 0 0 0 0 0 0 0 0 0 0 0 0 0 0 0 0 0 0 0 0 0 0 0 0 0 0 0 0 0 0 0 0 0 0 0 0 0 0 0 0 0 0 0 0 0 0 0 0 0 0 0 0 0 0 0 0 0 0 0 0 0 0.0064774 0 0 0 0 0 0 0 0 0 0 0 0 0 0 0 0 0 0 0.974542 0.0184209
 0 0 0 0 0 0 0 0 0 0 0 0 0 0 0 0 0 0 0 0 0 0 0 0 0 0 0 0 0 0 0 0 0 0 0 0 0 0 0 0 0 0 0 0 0 0 0 0 0 0 0 0 0 0 0 0 0 0 0 0 0 0 0 0 0 0 0 0 0 0 0 0 0 0 0 0 0 0 0 0 0 0.0211136 0 0 0 0 0 0 0 0 0 0 0 0 0 0 0 0 0 0 0.891427 0.0876524
 0 0 0 0 0 0 0 0 0 0 0 0 0 0 0 0 0 0 0 0 0 0 0 0 0 0 0 0 0 0 0 0 0 0 0 0 0 0 0 0 0 0 0 0 0 0 0 0 0 0 0 0 0 0 0 0 0 0 0 0 0 0 0 0 0 0 0 0 0 0 0 0 0 0 0 0 0 0 0 0 0 0.0884569 0 0 0 0 0 0 0 0 0 0 0 0 0 0 0 0 0 0 0.594694 0.317042
 0 0 0 0 0 0 0 0 0 0 0 0 0 0 0 0 0 0 0 0 0 0 0 0 0 0 0 0 0 0 0 0 0 0 0 0 0 0 0 0 0 0 0 0 0 0 0 0 0 0 0 0 0 0 0 0 0 0 0 0 0 0 0 0 0 0 0 0 0 0 0 0 0 0 0 0 0 0 0 0 0 0.350491 0 0 0 0 0 0 0 0 0 0 0 0 0 0 0 0 0 0 0.213441 0.436261
 0 0 0 0 0 0 0 0 0 0 0 0 0 0 0 0 0 0 0 0 0 0 0 0 0 0 0 0 0 0 0 0 0 0 0 0 0 0 0 0 0 0 0 0 0 0 0 0 0 0 0 0 0 0 0 0 0 0 0 0 0 0 0 0 0 0 0 0 0 0 0 0 0 0 0 0 0 0 0 0 0 0.721518 0 0 0 0 0 0 0 0 0 0 0 0 0 0 0 0 0 0 0.0567199 0.221955
 0 0 0 0 0 0 0 0 0 0 0 0 0 0 0 0 0 0 0 0 0 0 0 0 0 0 0 0 0 0 0 0 0 0 0 0 0 0 0 0 0 0 0 0 0 0 0 0 0 0 0 0 0 0 0 0 0 0 0 0 0 0 0 0 0 0 0 0 0 0 0 0 0 0 0 0 0 0 0 0 0 0.927322 0 0 0 0 0 0 0 0 0 0 0 0 0 0 0 0 0 0 0.0235795 0.0492919
 0 0 0 0 0 0 0 0 0 0 0 0 0 0 0 0 0 0 0 0 0 0 0 0 0 0 0 0 0 0 0 0 0 0 0 0 0 0 0 0 0 0 0 0 0 0 0 0 0 0 0 0 0 0 0 0 0 0 0 0 0 0 0 0 0 0 0 0 0 0 0 0 0 0 0 0 0 0 0 0 0 0.967065 0 0 0 0 0 0 0 0 0 0 0 0 0 0 0 0 0 0 0 0.0329435
 0 0 0 0 0 0 0 0 0 0 0 0 0 0 0 0 0 0 0 0 0 0 0 0 0 0 0 0 0 0 0 0 0 0 0 0 0 0 0 0 0 0 0 0 0 0 0 0 0 0 0 0 0 0 0 0 0 0 0 0 0 0 0 0 0 0 0 0 0 0 0 0 0 0 0 0 0 0 0 0 0 1.00001 0 0 0 0 0 0 0 0 0 0 0 0 0 0 0 0 0 0 0 0
 0 0 0 0 0 0 0 0 0 0 0 0 0 0 0 0 0 0 0 0 0 0 0 0 0 0 0 0 0 0 0 0 0 0 0 0 0 0 0 0 0 0 0 0 0 0 0 0 0 0 0 0 0 0 0 0 0 0 0 0 0 0 0 0 0 0 0 0 0 0 0 0 0 0 0 0 0 0 0 0 0 1.00001 0 0 0 0 0 0 0 0 0 0 0 0 0 0 0 0 0 0 0 0
 0 0 0 0 0 0 0 0 0 0 0 0 0 0 0 0 0 0 0 0 0 0 0 0 0 0 0 0 0 0 0 0 0 0 0 0 0 0 0 0 0 0 0 0 0 0 0 0 0 0 0 0 0 0 0 0 0 0 0 0 0 0 0 0 0 0 0 0 0 0 0 0 0 0 0 0 0 0 0 0 0 1.00001 0 0 0 0 0 0 0 0 0 0 0 0 0 0 0 0 0 0 0 0
 0 0 0 0 0 0 0 0 0 0 0 0 0 0 0 0 0 0 0 0 0 0 0 0 0 0 0 0 0 0 0 0 0 0 0 0 0 0 0 0 0 0 0 0 0 0 0 0 0 0 0 0 0 0 0 0 0 0 0 0 0 0 0 0 0 0 0 0 0 0 0 0 0 0 0 0 0 0 0 0 0 1.00001 0 0 0 0 0 0 0 0 0 0 0 0 0 0 0 0 0 0 0 0
 0 0 0 0 0 0 0 0 0 0 0 0 0 0 0 0 0 0 0 0 0 0 0 0 0 0 0 0 0 0 0 0 0 0 0 0 0 0 0 0 0 0 0 0 0 0 0 0 0 0 0 0 0 0 0 0 0 0 0 0 0 0 0 0 0 0 0 0 0 0 0 0 0 0 0 0 0 0 0 0 0 1.00001 0 0 0 0 0 0 0 0 0 0 0 0 0 0 0 0 0 0 0 0
 0 0 0 0 0 0 0 0 0 0 0 0 0 0 0 0 0 0 0 0 0 0 0 0 0 0 0 0 0 0 0 0 0 0 0 0 0 0 0 0 0 0 0 0 0 0 0 0 0 0 0 0 0 0 0 0 0 0 0 0 0 0 0 0 0 0 0 0 0 0 0 0 0 0 0 0 0 0 0 0 0 1.00001 0 0 0 0 0 0 0 0 0 0 0 0 0 0 0 0 0 0 0 0
 0 0 0 0 0 0 0 0 0 0 0 0 0 0 0 0 0 0 0 0 0 0 0 0 0 0 0 0 0 0 0 0 0 0 0 0 0 0 0 0 0 0 0 0 0 0 0 0 0 0 0 0 0 0 0 0 0 0 0 0 0 0 0 0 0 0 0 0 0 0 0 0 0 0 0 0 0 0 0 0 0 0.228962 0.771047 0 0 0 0 0 0 0 0 0 0 0 0 0 0 0 0 0 0 0
 0 0 0 0 0 0 0 0 0 0 0 0 0 0 0 0 0 0 0 0 0 0 0 0 0 0 0 0 0 0 0 0 0 0 0 0 0 0 0 0 0 0 0 0 0 0 0 0 0 0 0 0 0 0 0 0 0 0 0 0 0 0 0 0 0 0 0 0 0 0 0 0 0 0 0 0 0 0 0 0 0 0.0069582 0.91273 0.0810575 0 0 0 0 0 0 0 0 0 0 0 0 0 0 0 0 0 0
 0 0 0 0 0 0 0 0 0 0 0 0 0 0 0 0 0 0 0 0 0 0 0 0 0 0 0 0 0 0 0 0 0 0 0 0 0 0 0 0 0 0 0 0 0 0 0 0 0 0 0 0 0 0 0 0 0 0 0 0 0 0 0 0 0 0 0 0 0 0 0 0 0 0 0 0 0 0 0 0 0 0.002622 0.0043362 0.993788 0 0 0 0 0 0 0 0 0 0 0 0 0 0 0 0 0 0
 0 0 0 0 0 0 0 0 0 0 0 0 0 0 0 0 0 0 0 0 0 0 0 0 0 0 0 0 0 0 0 0 0 0 0 0 0 0 0 0 0 0 0 0 0 0 0 0 0 0 0 0 0 0 0 0 0 0 0 0 0 0 0 0 0 0 0 0 0 0 0 0 0 0 0 0 0 0 0 0 0 0 0.002622 0.998133 0 0 0 0 0 0 0 0 0 0 0 0 0 0 0 0 0 0
 0 0 0 0 0 0 0 0 0 0 0 0 0 0 0 0 0 0 0 0 0 0 0 0 0 0 0 0 0 0 0 0 0 0 0 0 0 0 0 0 0 0 0 0 0 0 0 0 0 0 0 0 0 0 0 0 0 0 0 0 0 0 0 0 0 0 0 0 0 0 0 0 0 0 0 0 0 0 0 0 0 0 0 1.00038 0 0 0 0 0 0 0 0 0 0 0 0 0 0 0 0 0 0
 0 0 0 0 0 0 0 0 0 0 0 0 0 0 0 0 0 0 0 0 0 0 0 0 0 0 0 0 0 0 0 0 0 0 0 0 0 0 0 0 0 0 0 0 0 0 0 0 0 0 0 0 0 0 0 0 0 0 0 0 0 0 0 0 0 0 0 0 0 0 0 0 0 0 0 0 0 0 0 0 0 0 0 1.00038 0 0 0 0 0 0 0 0 0 0 0 0 0 0 0 0 0 0
 0 0 0 0 0 0 0 0 0 0 0 0 0 0 0 0 0 0 0 0 0 0 0 0 0 0 0 0 0 0 0 0 0 0 0 0 0 0 0 0 0 0 0 0 0 0 0 0 0 0 0 0 0 0 0 0 0 0 0 0 0 0 0 0 0 0 0 0 0 0 0 0 0 0 0 0 0 0 0 0 0 0 0 0 1.00038 0 0 0 0 0 0 0 0 0 0 0 0 0 0 0 0 0
 0 0 0 0 0 0 0 0 0 0 0 0 0 0 0 0 0 0 0 0 0 0 0 0 0 0 0 0 0 0 0 0 0 0 0 0 0 0 0 0 0 0 0 0 0 0 0 0 0 0 0 0 0 0 0 0 0 0 0 0 0 0 0 0 0 0 0 0 0 0 0 0 0 0 0 0 0 0 0 0 0 0 0 0 1.00038 0 0 0 0 0 0 0 0 0 0 0 0 0 0 0 0 0
 0 0 0 0 0 0 0 0 0 0 0 0 0 0 0 0 0 0 0 0 0 0 0 0 0 0 0 0 0 0 0 0 0 0 0 0 0 0 0 0 0 0 0 0 0 0 0 0 0 0 0 0 0 0 0 0 0 0 0 0 0 0 0 0 0 0 0 0 0 0 0 0 0 0 0 0 0 0 0 0 0 0 0 0 1.00038 0 0 0 0 0 0 0 0 0 0 0 0 0 0 0 0 0
 0 0 0 0 0 0 0 0 0 0 0 0 0 0 0 0 0 0 0 0 0 0 0 0 0 0 0 0 0 0 0 0 0 0 0 0 0 0 0 0 0 0 0 0 0 0 0 0 0 0 0 0 0 0 0 0 0 0 0 0 0 0 0 0 0 0 0 0 0 0 0 0 0 0 0 0 0 0 0 0 0 0 0 0 1.00038 0 0 0 0 0 0 0 0 0 0 0 0 0 0 0 0 0
 0 0 0 0 0 0 0 0 0 0 0 0 0 0 0 0 0 0 0 0 0 0 0 0 0 0 0 0 0 0 0 0 0 0 0 0 0 0 0 0 0 0 0 0 0 0 0 0 0 0 0 0 0 0 0 0 0 0 0 0 0 0 0 0 0 0 0 0 0 0 0 0 0 0 0 0 0 0 0 0 0 0 0 0 1.00038 0 0 0 0 0 0 0 0 0 0 0 0 0 0 0 0 0
 0 0 0 0 0 0 0 0 0 0 0 0 0 0 0 0 0 0 0 0 0 0 0 0 0 0 0 0 0 0 0 0 0 0 0 0 0 0 0 0 0 0 0 0 0 0 0 0 0 0 0 0 0 0 0 0 0 0 0 0 0 0 0 0 0 0 0 0 0 0 0 0 0 0 0 0 0 0 0 0 0 0 0 0 1.00038 0 0 0 0 0 0 0 0 0 0 0 0 0 0 0 0 0
 0 0 0 0 0 0 0 0 0 0 0 0 0 0 0 0 0 0 0 0 0 0 0 0 0 0 0 0 0 0 0 0 0 0 0 0 0 0 0 0 0 0 0 0 0 0 0 0 0 0 0 0 0 0 0 0 0 0 0 0 0 0 0 0 0 0 0 0 0 0 0 0 0 0 0 0 0 0 0 0 0 0 0 0 0.978282 0.0220944 0 0 0 0 0 0 0 0 0 0 0 0 0 0 0 0
 0 0 0 0 0 0 0 0 0 0 0 0 0 0 0 0 0 0 0 0 0 0 0 0 0 0 0 0 0 0 0 0 0 0 0 0 0 0 0 0 0 0 0 0 0 0 0 0 0 0 0 0 0 0 0 0 0 0 0 0 0 0 0 0 0 0 0 0 0 0 0 0 0 0 0 0 0 0 0 0 0 0 0 0 0.478549 0.521827 0 0 0 0 0 0 0 0 0 0 0 0 0 0 0 0
 0 0 0 0 0 0 0 0 0 0 0 0 0 0 0 0 0 0 0 0 0 0 0 0 0 0 0 0 0 0 0 0 0 0 0 0 0 0 0 0 0 0 0 0 0 0 0 0 0 0 0 0 0 0 0 0 0 0 0 0 0 0 0 0 0 0 0 0 0 0 0 0 0 0 0 0 0 0 0 0 0 0 0 0 0.0329809 0.967395 0 0 0 0 0 0 0 0 0 0 0 0 0 0 0 0
 0 0 0 0 0 0 0 0 0 0 0 0 0 0 0 0 0 0 0 0 0 0 0 0 0 0 0 0 0 0 0 0 0 0 0 0 0 0 0 0 0 0 0 0 0 0 0 0 0 0 0 0 0 0 0 0 0 0 0 0 0 0 0 0 0 0 0 0 0 0 0 0 0 0 0 0 0 0 0 0 0 0 0 0 0 0.999999 0 0 0 0 0 0 0 0 0 0 0 0 0 0 0 0
 0 0 0 0 0 0 0 0 0 0 0 0 0 0 0 0 0 0 0 0 0 0 0 0 0 0 0 0 0 0 0 0 0 0 0 0 0 0 0 0 0 0 0 0 0 0 0 0 0 0 0 0 0 0 0 0 0 0 0 0 0 0 0 0 0 0 0 0 0 0 0 0 0 0 0 0 0 0 0 0 0 0 0 0 0 0.999999 0 0 0 0 0 0 0 0 0 0 0 0 0 0 0 0
 0 0 0 0 0 0 0 0 0 0 0 0 0 0 0 0 0 0 0 0 0 0 0 0 0 0 0 0 0 0 0 0 0 0 0 0 0 0 0 0 0 0 0 0 0 0 0 0 0 0 0 0 0 0 0 0 0 0 0 0 0 0 0 0 0 0 0 0 0 0 0 0 0 0 0 0 0 0 0 0 0 0 0 0 0 0.999999 0 0 0 0 0 0 0 0 0 0 0 0 0 0 0 0
 0 0 0 0 0 0 0 0 0 0 0 0 0 0 0 0 0 0 0 0 0 0 0 0 0 0 0 0 0 0 0 0 0 0 0 0 0 0 0 0 0 0 0 0 0 0 0 0 0 0 0 0 0 0 0 0 0 0 0 0 0 0 0 0 0 0 0 0 0 0 0 0 0 0 0 0 0 0 0 0 0 0 0 0 0 0.984467 0.0155322 0 0 0 0 0 0 0 0 0 0 0 0 0 0 0
 0 0 0 0 0 0 0 0 0 0 0 0 0 0 0 0 0 0 0 0 0 0 0 0 0 0 0 0 0 0 0 0 0 0 0 0 0 0 0 0 0 0 0 0 0 0 0 0 0 0 0 0 0 0 0 0 0 0 0 0 0 0 0 0 0 0 0 0 0 0 0 0 0 0 0 0 0 0 0 0 0 0 0 0 0 0 0.98554 0 0 0 0 0 0 0 0 0 0 0 0 0.0144565 0 0
 0 0 0 0 0 0 0 0 0 0 0 0 0 0 0 0 0 0 0 0 0 0 0 0 0 0 0 0 0 0 0 0 0 0 0 0 0 0 0 0 0 0 0 0 0 0 0 0 0 0 0 0 0 0 0 0 0 0 0 0 0 0 0 0 0 0 0 0 0 0 0 0 0 0 0 0 0 0 0 0 0 0 0 0 0 0 0.00207415 0 0 0 0 0 0 0 0 0 0 0 0 0.997917 0 0
 0 0 0 0 0 0 0 0 0 0 0 0 0 0 0 0 0 0 0 0 0 0 0 0 0 0 0 0 0 0 0 0 0 0 0 0 0 0 0 0 0 0 0 0 0 0 0 0 0 0 0 0 0 0 0 0 0 0 0 0 0 0 0 0 0 0 0 0 0 0 0 0 0 0 0 0 0 0 0 0 0 0 0 0 0 0 0 0 0 0 0 0 0 0 0 0 0 0 0 0.999991 0 0
 0 0 0 0 0 0 0 0 0 0 0 0 0 0 0 0 0 0 0 0 0 0 0 0 0 0 0 0 0 0 0 0 0 0 0 0 0 0 0 0 0 0 0 0 0 0 0 0 0 0 0 0 0 0 0 0 0 0 0 0 0 0 0 0 0 0 0 0 0 0 0 0 0 0 0 0 0 0 0 0 0 0 0 0 0 0 0 0 0 0 0 0 0 0 0 0 0 0 0 0.999991 0 0
 0 0 0 0 0 0 0 0 0 0 0 0 0 0 0 0 0 0 0 0 0 0 0 0 0 0 0 0 0 0 0 0 0 0 0 0 0 0 0 0 0 0 0 0 0 0 0 0 0 0 0 0 0 0 0 0 0 0 0 0 0 0 0 0 0 0 0 0 0 0 0 0 0 0 0 0 0 0 0 0 0 0 0 0 0 0 0 0 0 0 0 0 0 0 0 0 0 0 0 0.999991 0 0
 0 0 0 0 0 0 0 0 0 0 0 0 0 0 0 0 0 0 0 0 0 0 0 0 0 0 0 0 0 0 0 0 0 0 0 0 0 0 0 0 0 0 0 0 0 0 0 0 0 0 0 0 0 0 0 0 0 0 0 0 0 0 0 0 0 0 0 0 0 0 0 0 0 0 0 0 0 0 0 0 0 0 0 0 0 0 0 0 0 0 0 0 0 0 0 0 0 0 0 0.999991 0 0
 0 0 0 0 0 0 0 0 0 0 0 0 0 0 0 0 0 0 0 0 0 0 0 0 0 0 0 0 0 0 0 0 0 0 0 0 0 0 0 0 0 0 0 0 0 0 0 0 0 0 0 0 0 0 0 0 0 0 0 0 0 0 0 0 0 0 0 0 0 0 0 0 0 0 0 0 0 0 0 0 0 0 0 0 0 0 0 0 0 0 0 0 0 0 0 0 0 0 0 0.999014 0 0
 0 0 0 0 0 0 0 0 0 0 0 0 0 0 0 0 0 0 0 0 0 0 0 0 0 0 0 0 0 0 0 0 0 0 0 0 0 0 0 0 0 0 0 0 0 0 0 0 0 0 0 0 0 0 0 0 0 0 0 0 0 0 0 0 0 0 0 0 0 0 0 0 0 0 0 0 0 0 0 0 0 0 0 0 0 0 0 0 0 0 0 0 0 0 0 0 0 0 0 0.89422 0.104793 0
 0 0 0 0 0 0 0 0 0 0 0 0 0 0 0 0 0 0 0 0 0 0 0 0 0 0 0 0 0 0 0 0 0 0 0 0 0 0 0 0 0 0 0 0 0 0 0 0 0 0 0 0 0 0 0 0 0 0 0 0 0 0 0 0 0 0 0 0 0 0 0 0 0 0 0 0 0 0 0 0 0 0 0 0 0 0 0 0 0 0 0 0 0 0 0 0 0 0 0 0.438073 0.561922 0
 0 0 0 0 0 0 0 0 0 0 0 0 0 0 0 0 0 0 0 0 0 0 0 0 0 0 0 0 0 0 0 0 0 0 0 0 0 0 0 0 0 0 0 0 0 0 0 0 0 0 0 0 0 0 0 0 0 0 0 0 0 0 0 0 0 0 0 0 0 0 0 0 0 0 0 0 0 0 0 0 0 0 0 0 0 0 0 0 0 0 0 0 0 0 0 0 0 0 0 0.0850244 0.914971 0
 0 0 0 0 0 0 0 0 0 0 0 0 0 0 0 0 0 0 0 0 0 0 0 0 0 0 0 0 0 0 0 0 0 0 0 0 0 0 0 0 0 0 0 0 0 0 0 0 0 0 0 0 0 0 0 0 0 0 0 0 0 0 0 0 0 0 0 0 0 0 0 0 0 0 0 0 0 0 0 0 0 0 0 0 0 0 0 0 0 0 0 0 0 0 0 0 0 0 0 0.0262718 0.973723 0
 0 0 0 0 0 0 0 0 0 0 0 0 0 0 0 0 0 0 0 0 0 0 0 0 0 0 0 0 0 0 0 0 0 0 0 0 0 0 0 0 0 0 0 0 0 0 0 0 0 0 0 0 0 0 0 0 0 0 0 0 0 0 0 0 0 0 0 0 0 0 0 0 0 0 0 0 0 0 0 0 0 0 0 0 0 0 0 0 0 0 0 0 0 0 0 0 0 0 0 0.0172464 0.982748 0
 0 0 0 0 0 0 0 0 0 0 0 0 0 0 0 0 0 0 0 0 0 0 0 0 0 0 0 0 0 0 0 0 0 0 0 0 0 0 0 0 0 0 0 0 0 0 0 0 0 0 0 0 0 0 0 0 0 0 0 0 0 0 0 0 0 0 0 0 0 0 0 0 0 0 0 0 0 0 0 0 0 0 0 0 0 0 0 0 0 0 0 0 0 0 0 0 0 0 0 0.0107984 0.989197 0
 0 0 0 0 0 0 0 0 0 0 0 0 0 0 0 0 0 0 0 0 0 0 0 0 0 0 0 0 0 0 0 0 0 0 0 0 0 0 0 0 0 0 0 0 0 0 0 0 0 0 0 0 0 0 0 0 0 0 0 0 0 0 0 0 0 0 0 0 0 0 0 0 0 0 0 0 0 0 0 0 0 0 0 0 0 0 0 0 0 0 0 0 0 0 0 0 0 0 0 0.0011511 0.998844 0
 0 0 0 0 0 0 0 0 0 0 0 0 0 0 0 0 0 0 0 0 0 0 0 0 0 0 0 0 0 0 0 0 0 0 0 0 0 0 0 0 0 0 0 0 0 0 0 0 0 0 0 0 0 0 0 0 0 0 0 0 0 0 0 0 0 0 0 0 0 0 0 0 0 0 0 0 0 0 0 0 0 0 0 0 0 0 0 0 0 0 0 0 0 0 0 0 0 0 0 0 0.999949 0
 0 0 0 0 0 0 0 0 0 0 0 0 0 0 0 0 0 0 0 0 0 0 0 0 0 0 0 0 0 0 0 0 0 0 0 0 0 0 0 0 0 0 0 0 0 0 0 0 0 0 0 0 0 0 0 0 0 0 0 0 0 0 0 0 0 0 0 0 0 0 0 0 0 0 0 0 0 0 0 0 0 0 0 0 0 0 0 0 0 0 0 0 0 0 0 0 0 0 0 0 0.999949 0
 0 0 0 0 0 0 0 0 0 0 0 0 0 0 0 0 0 0 0 0 0 0 0 0 0 0 0 0 0 0 0 0 0 0 0 0 0 0 0 0 0 0 0 0 0 0 0 0 0 0 0 0 0 0 0 0 0 0 0 0 0 0 0 0 0 0 0 0 0 0 0 0 0 0 0 0 0 0 0 0 0 0 0 0 0 0 0 0 0 0 0 0 0 0 0 0 0 0 0 0 0.999949 0
 0 0 0 0 0 0 0 0 0 0 0 0 0 0 0 0 0 0 0 0 0 0 0 0 0 0 0 0 0 0 0 0 0 0 0 0 0 0 0 0 0 0 0 0 0 0 0 0 0 0 0 0 0 0 0 0 0 0 0 0 0 0 0 0 0 0 0 0 0 0 0 0 0 0 0 0 0 0 0 0 0 0 0 0 0 0 0 0 0 0 0 0 0 0 0 0 0 0 0 0 0.999949 0
 0 0 0 0 0 0 0 0 0 0 0 0 0 0 0 0 0 0 0 0 0 0 0 0 0 0 0 0 0 0 0 0 0 0 0 0 0 0 0 0 0 0 0 0 0 0 0 0 0 0 0 0 0 0 0 0 0 0 0 0 0 0 0 0 0 0 0 0 0 0 0 0 0 0 0 0 0 0 0 0 0 0 0 0 0 0 0 0 0 0 0 0 0 0 0 0 0 0 0 0 0.999949 0
 0 0 0 0 0 0 0 0 0 0 0 0 0 0 0 0 0 0 0 0 0 0 0 0 0 0 0 0 0 0 0 0 0 0 0 0 0 0 0 0 0 0 0 0 0 0 0 0 0 0 0 0 0 0 0 0 0 0 0 0 0 0 0 0 0 0 0 0 0 0 0 0 0 0 0 0 0 0 0 0 0 0 0 0 0 0 0 0 0 0 0 0 0 0 0 0 0 0 0 0 0.999949 0
 0 0 0 0 0 0 0 0 0 0 0 0 0 0 0 0 0 0 0 0 0 0 0 0 0 0 0 0 0 0 0 0 0 0 0 0 0 0 0 0 0 0 0 0 0 0 0 0 0 0 0 0 0 0 0 0 0 0 0 0 0 0 0 0 0 0 0 0 0 0 0 0 0 0 0 0 0 0 0 0 0 0 0 0 0 0 0 0 0 0 0 0 0 0 0 0 0 0 0 0 0.999949 0
 0 0 0 0 0 0 0 0 0 0 0 0 0 0 0 0 0 0 0 0 0 0 0 0 0 0 0 0 0 0 0 0 0 0 0 0 0 0 0 0 0 0 0 0 0 0 0 0 0 0 0 0 0 0 0 0 0 0 0 0 0 0 0 0 0 0 0 0 0 0 0 0 0 0 0 0 0 0 0 0 0 0 0 0 0 0 0 0 0 0 0 0 0 0 0 0 0 0 0 0 0.999949 0
 0 0 0 0 0 0 0 0 0 0 0 0 0 0 0 0 0 0 0 0 0 0 0 0 0 0 0 0 0 0 0 0 0 0 0 0 0 0 0 0 0 0 0 0 0 0 0 0 0 0 0 0 0 0 0 0 0 0 0 0 0 0 0 0 0 0 0 0 0 0 0 0 0 0 0 0 0 0 0 0 0 0 0 0 0 0 0 0 0 0 0 0 0 0 0 0 0 0 0 0 0.999949 0
 0 0 0 0 0 0 0 0 0 0 0 0 0 0 0 0 0 0 0 0 0 0 0 0 0 0 0 0 0 0 0 0 0 0 0 0 0 0 0 0 0 0 0 0 0 0 0 0 0 0 0 0 0 0 0 0 0 0 0 0 0 0 0 0 0 0 0 0 0 0 0 0 0 0 0 0 0 0 0 0 0 0 0 0 0 0 0 0 0 0 0 0 0 0 0 0 0 0 0 0 0.998305 0.00164444
 0 0 0 0 0 0 0 0 0 0 0 0 0 0 0 0 0 0 0 0 0 0 0 0 0 0 0 0 0 0 0 0 0 0 0 0 0 0 0 0 0 0 0 0 0 0 0 0 0 0 0 0 0 0 0 0 0 0 0 0 0 0 0 0 0 0 0 0 0 0 0 0 0 0 0 0 0 0 0 0 0 0 0 0 0 0 0 0 0 0 0 0 0 0 0 0 0 0 0 0 0.972302 0.027698
 0 0 0 0 0 0 0 0 0 0 0 0 0 0 0 0 0 0 0 0 0 0 0 0 0 0 0 0 0 0 0 0 0 0 0 0 0 0 0 0 0 0 0 0 0 0 0 0 0 0 0 0 0 0 0 0 0 0 0 0 0 0 0 0 0 0 0 0 0 0 0 0 0 0 0 0 0 0 0 0 0 0 0 0 0 0 0 0 0 0 0 0 0 0 0 0 0 0 0 0 0.551832 0.448168
 0 0 0 0 0 0 0 0 0 0 0 0 0 0 0 0 0 0 0 0 0 0 0 0 0 0 0 0 0 0 0 0 0 0 0 0 0 0 0 0 0 0 0 0 0 0 0 0 0 0 0 0 0 0 0 0 0 0 0 0 0 0 0 0 0 0 0 0 0 0 0 0 0 0 0 0 0 0 0 0 0 0 0 0 0 0 0 0 0 0 0 0 0 0 0 0 0 0 0 0 0 1
